601
1 0.000000 
2 0.003667 
3 0.007333 
4 0.011000 
5 0.014667 
6 0.018333 
7 0.022000 
8 0.025667 
9 0.029333 
10 0.033000 
11 0.036667 
12 0.040333 
13 0.044000 
14 0.047667 
15 0.051333 
16 0.055000 
17 0.058667 
18 0.062333 
19 0.066000 
20 0.069667 
21 0.073333 
22 0.077000 
23 0.080667 
24 0.084333 
25 0.088000 
26 0.091667 
27 0.095333 
28 0.099000 
29 0.102667 
30 0.106333 
31 0.110000 
32 0.113667 
33 0.117333 
34 0.121000 
35 0.124667 
36 0.128333 
37 0.132000 
38 0.135667 
39 0.139333 
40 0.143000 
41 0.146667 
42 0.150333 
43 0.154000 
44 0.157667 
45 0.161333 
46 0.165000 
47 0.168667 
48 0.172333 
49 0.176000 
50 0.179667 
51 0.183333 
52 0.187000 
53 0.190667 
54 0.194333 
55 0.198000 
56 0.201667 
57 0.205333 
58 0.209000 
59 0.212667 
60 0.216333 
61 0.220000 
62 0.223667 
63 0.227333 
64 0.231000 
65 0.234667 
66 0.238333 
67 0.242000 
68 0.245667 
69 0.249333 
70 0.253000 
71 0.256667 
72 0.260333 
73 0.264000 
74 0.267667 
75 0.271333 
76 0.275000 
77 0.278667 
78 0.282333 
79 0.286000 
80 0.289667 
81 0.293333 
82 0.297000 
83 0.300667 
84 0.304333 
85 0.308000 
86 0.311667 
87 0.315333 
88 0.319000 
89 0.322667 
90 0.326333 
91 0.330000 
92 0.333667 
93 0.337333 
94 0.341000 
95 0.344667 
96 0.348333 
97 0.352000 
98 0.355667 
99 0.359333 
100 0.363000 
101 0.366667 
102 0.370333 
103 0.374000 
104 0.377667 
105 0.381333 
106 0.385000 
107 0.388667 
108 0.392333 
109 0.396000 
110 0.399667 
111 0.403333 
112 0.407000 
113 0.410667 
114 0.414333 
115 0.418000 
116 0.421667 
117 0.425333 
118 0.429000 
119 0.432667 
120 0.436333 
121 0.440000 
122 0.443667 
123 0.447333 
124 0.451000 
125 0.454667 
126 0.458333 
127 0.462000 
128 0.465667 
129 0.469333 
130 0.473000 
131 0.476667 
132 0.480333 
133 0.484000 
134 0.487667 
135 0.491333 
136 0.495000 
137 0.498667 
138 0.502333 
139 0.506000 
140 0.509667 
141 0.513333 
142 0.517000 
143 0.520667 
144 0.524333 
145 0.528000 
146 0.531667 
147 0.535333 
148 0.539000 
149 0.542667 
150 0.546333 
151 0.550000 
152 0.553667 
153 0.557376 
154 0.561130 
155 0.564927 
156 0.568769 
157 0.572656 
158 0.576589 
159 0.580568 
160 0.584594 
161 0.588667 
162 0.592787 
163 0.596957 
164 0.601175 
165 0.605443 
166 0.609760 
167 0.614129 
168 0.618549 
169 0.623021 
170 0.627545 
171 0.632122 
172 0.636754 
173 0.641439 
174 0.646180 
175 0.650976 
176 0.655829 
177 0.660738 
178 0.665706 
179 0.670731 
180 0.675816 
181 0.680960 
182 0.686165 
183 0.691431 
184 0.696759 
185 0.702149 
186 0.707603 
187 0.713121 
188 0.718703 
189 0.724351 
190 0.730066 
191 0.735848 
192 0.741697 
193 0.747615 
194 0.753603 
195 0.759661 
196 0.765790 
197 0.771991 
198 0.778265 
199 0.784613 
200 0.791035 
201 0.797533 
202 0.804107 
203 0.810758 
204 0.817487 
205 0.824296 
206 0.831184 
207 0.838153 
208 0.845204 
209 0.852338 
210 0.859556 
211 0.866858 
212 0.874247 
213 0.881722 
214 0.889284 
215 0.896936 
216 0.904677 
217 0.912510 
218 0.920434 
219 0.928452 
220 0.936563 
221 0.944770 
222 0.953074 
223 0.961474 
224 0.969974 
225 0.978573 
226 0.987274 
227 0.996076 
228 1.004982 
229 1.013993 
230 1.023109 
231 1.032332 
232 1.041664 
233 1.051105 
234 1.060658 
235 1.070322 
236 1.080100 
237 1.089993 
238 1.100002 
239 1.110128 
240 1.120374 
241 1.130740 
242 1.141227 
243 1.151838 
244 1.162573 
245 1.173435 
246 1.184424 
247 1.195542 
248 1.206791 
249 1.218171 
250 1.229686 
251 1.241335 
252 1.253122 
253 1.265047 
254 1.277112 
255 1.289319 
256 1.301669 
257 1.314164 
258 1.326806 
259 1.339596 
260 1.352537 
261 1.365629 
262 1.378876 
263 1.392278 
264 1.405837 
265 1.419556 
266 1.433436 
267 1.447478 
268 1.461686 
269 1.476061 
270 1.490604 
271 1.505318 
272 1.520205 
273 1.535267 
274 1.550506 
275 1.565924 
276 1.581523 
277 1.597305 
278 1.613272 
279 1.629427 
280 1.645772 
281 1.662309 
282 1.679040 
283 1.695967 
284 1.713093 
285 1.730421 
286 1.747952 
287 1.765688 
288 1.783634 
289 1.801790 
290 1.820159 
291 1.838744 
292 1.857547 
293 1.876571 
294 1.895818 
295 1.915292 
296 1.934994 
297 1.954928 
298 1.975096 
299 1.995500 
300 2.016145 
301 2.037031 
302 2.058163 
303 2.079544 
304 2.101175 
305 2.123061 
306 2.145203 
307 2.167606 
308 2.190272 
309 2.213204 
310 2.236405 
311 2.259879 
312 2.283628 
313 2.307657 
314 2.331967 
315 2.356563 
316 2.381449 
317 2.406626 
318 2.432099 
319 2.457871 
320 2.483946 
321 2.510327 
322 2.537018 
323 2.564023 
324 2.591345 
325 2.618987 
326 2.646955 
327 2.675250 
328 2.703879 
329 2.732843 
330 2.762147 
331 2.791796 
332 2.821793 
333 2.852142 
334 2.882848 
335 2.913915 
336 2.945346 
337 2.977146 
338 3.009320 
339 3.041872 
340 3.074806 
341 3.108127 
342 3.141839 
343 3.175948 
344 3.210457 
345 3.245371 
346 3.280695 
347 3.316434 
348 3.352593 
349 3.389177 
350 3.426190 
351 3.463638 
352 3.501526 
353 3.539859 
354 3.578642 
355 3.617881 
356 3.657580 
357 3.697746 
358 3.738383 
359 3.779498 
360 3.821096 
361 3.863182 
362 3.905763 
363 3.948843 
364 3.992430 
365 4.036529 
366 4.081145 
367 4.126286 
368 4.171957 
369 4.218164 
370 4.264914 
371 4.312213 
372 4.360067 
373 4.408484 
374 4.457469 
375 4.507030 
376 4.557172 
377 4.607904 
378 4.659232 
379 4.711162 
380 4.763702 
381 4.816859 
382 4.870641 
383 4.925055 
384 4.980107 
385 5.035806 
386 5.092159 
387 5.149174 
388 5.206859 
389 5.265222 
390 5.324269 
391 5.384011 
392 5.444454 
393 5.505607 
394 5.567478 
395 5.630076 
396 5.693409 
397 5.757486 
398 5.822315 
399 5.887906 
400 5.954267 
401 6.021408 
402 6.089337 
403 6.158065 
404 6.227599 
405 6.297950 
406 6.369127 
407 6.441141 
408 6.514000 
409 6.587715 
410 6.662296 
411 6.737752 
412 6.814095 
413 6.891335 
414 6.969482 
415 7.048546 
416 7.128539 
417 7.209472 
418 7.291356 
419 7.374201 
420 7.458019 
421 7.542821 
422 7.628620 
423 7.715426 
424 7.803252 
425 7.892110 
426 7.982011 
427 8.072968 
428 8.164993 
429 8.258099 
430 8.352299 
431 8.447605 
432 8.544030 
433 8.641588 
434 8.740292 
435 8.840155 
436 8.941191 
437 9.043414 
438 9.146837 
439 9.251475 
440 9.357342 
441 9.464453 
442 9.572821 
443 9.682463 
444 9.793392 
445 9.905624 
446 10.019174 
447 10.134058 
448 10.250291 
449 10.367889 
450 10.486869 
451 10.607246 
452 10.729036 
453 10.852258 
454 10.976926 
455 11.103059 
456 11.230673 
457 11.359786 
458 11.490416 
459 11.622580 
460 11.756296 
461 11.891582 
462 12.028458 
463 12.166941 
464 12.307051 
465 12.448806 
466 12.592227 
467 12.737331 
468 12.884140 
469 13.032674 
470 13.182952 
471 13.334995 
472 13.488823 
473 13.644459 
474 13.801922 
475 13.961235 
476 14.122419 
477 14.285496 
478 14.450489 
479 14.617419 
480 14.786310 
481 14.957185 
482 15.130067 
483 15.304979 
484 15.481945 
485 15.660990 
486 15.842138 
487 16.025414 
488 16.210842 
489 16.398448 
490 16.588258 
491 16.780297 
492 16.974591 
493 17.171167 
494 17.370053 
495 17.571274 
496 17.774858 
497 17.980834 
498 18.189229 
499 18.400072 
500 18.613391 
501 18.829215 
502 19.047574 
503 19.268498 
504 19.492017 
505 19.718161 
506 19.946961 
507 20.178449 
508 20.412655 
509 20.649612 
510 20.889352 
511 21.131908 
512 21.377313 
513 21.625601 
514 21.876804 
515 22.130958 
516 22.388097 
517 22.648256 
518 22.911470 
519 23.177776 
520 23.447210 
521 23.719809 
522 23.995609 
523 24.274649 
524 24.556966 
525 24.842598 
526 25.131586 
527 25.423968 
528 25.719784 
529 26.019074 
530 26.321879 
531 26.628241 
532 26.938202 
533 27.251803 
534 27.569087 
535 27.890097 
536 28.214878 
537 28.543474 
538 28.875929 
539 29.212289 
540 29.552599 
541 29.896907 
542 30.245258 
543 30.597701 
544 30.954283 
545 31.315053 
546 31.680061 
547 32.049356 
548 32.422988 
549 32.801009 
550 33.183469 
551 33.570422 
552 33.961919 
553 34.358015 
554 34.758763 
555 35.164218 
556 35.574434 
557 35.989469 
558 36.409379 
559 36.834221 
560 37.264052 
561 37.698932 
562 38.138919 
563 38.584074 
564 39.034458 
565 39.490132 
566 39.951157 
567 40.417597 
568 40.889516 
569 41.366978 
570 41.850047 
571 42.338790 
572 42.833274 
573 43.333565 
574 43.839732 
575 44.351845 
576 44.869972 
577 45.394185 
578 45.924554 
579 46.461153 
580 47.004054 
581 47.553332 
582 48.109062 
583 48.671318 
584 49.240178 
585 49.815720 
586 50.398021 
587 50.987162 
588 51.583222 
589 52.186283 
590 52.796427 
591 53.413737 
592 54.038298 
593 54.670194 
594 55.309512 
595 55.956339 
596 56.610763 
597 57.272874 
598 57.942761 
599 58.620516 
600 59.306231 
601 60.000000 
