301
1 0.000000 
2 0.007333 
3 0.014667 
4 0.022000 
5 0.029333 
6 0.036667 
7 0.044000 
8 0.051333 
9 0.058667 
10 0.066000 
11 0.073333 
12 0.080667 
13 0.088000 
14 0.095333 
15 0.102667 
16 0.110000 
17 0.117333 
18 0.124667 
19 0.132000 
20 0.139333 
21 0.146667 
22 0.154000 
23 0.161333 
24 0.168667 
25 0.176000 
26 0.183333 
27 0.190667 
28 0.198000 
29 0.205333 
30 0.212667 
31 0.220000 
32 0.227333 
33 0.234667 
34 0.242000 
35 0.249333 
36 0.256667 
37 0.264000 
38 0.271333 
39 0.278667 
40 0.286000 
41 0.293333 
42 0.300667 
43 0.308000 
44 0.315333 
45 0.322667 
46 0.330000 
47 0.337333 
48 0.344667 
49 0.352000 
50 0.359333 
51 0.366667 
52 0.374000 
53 0.381333 
54 0.388667 
55 0.396000 
56 0.403333 
57 0.410667 
58 0.418000 
59 0.425333 
60 0.432667 
61 0.440000 
62 0.447333 
63 0.454667 
64 0.462000 
65 0.469333 
66 0.476667 
67 0.484000 
68 0.491333 
69 0.498667 
70 0.506000 
71 0.513333 
72 0.520667 
73 0.528000 
74 0.535333 
75 0.542667 
76 0.550000 
77 0.557376 
78 0.564927 
79 0.572656 
80 0.580568 
81 0.588667 
82 0.596957 
83 0.605443 
84 0.614129 
85 0.623021 
86 0.632122 
87 0.641439 
88 0.650976 
89 0.660738 
90 0.670731 
91 0.680960 
92 0.691431 
93 0.702149 
94 0.713121 
95 0.724351 
96 0.735848 
97 0.747615 
98 0.759661 
99 0.771991 
100 0.784613 
101 0.797533 
102 0.810758 
103 0.824296 
104 0.838153 
105 0.852338 
106 0.866858 
107 0.881722 
108 0.896936 
109 0.912510 
110 0.928452 
111 0.944770 
112 0.961474 
113 0.978573 
114 0.996076 
115 1.013993 
116 1.032332 
117 1.051105 
118 1.070322 
119 1.089993 
120 1.110128 
121 1.130740 
122 1.151838 
123 1.173435 
124 1.195542 
125 1.218171 
126 1.241335 
127 1.265047 
128 1.289319 
129 1.314164 
130 1.339596 
131 1.365629 
132 1.392278 
133 1.419556 
134 1.447478 
135 1.476061 
136 1.505318 
137 1.535267 
138 1.565924 
139 1.597305 
140 1.629427 
141 1.662309 
142 1.695967 
143 1.730421 
144 1.765688 
145 1.801790 
146 1.838744 
147 1.876571 
148 1.915292 
149 1.954928 
150 1.995500 
151 2.037031 
152 2.079544 
153 2.123061 
154 2.167606 
155 2.213204 
156 2.259879 
157 2.307657 
158 2.356563 
159 2.406626 
160 2.457871 
161 2.510327 
162 2.564023 
163 2.618987 
164 2.675250 
165 2.732843 
166 2.791796 
167 2.852142 
168 2.913915 
169 2.977146 
170 3.041872 
171 3.108127 
172 3.175948 
173 3.245371 
174 3.316434 
175 3.389177 
176 3.463638 
177 3.539859 
178 3.617881 
179 3.697746 
180 3.779498 
181 3.863182 
182 3.948843 
183 4.036529 
184 4.126286 
185 4.218164 
186 4.312213 
187 4.408484 
188 4.507030 
189 4.607904 
190 4.711162 
191 4.816859 
192 4.925055 
193 5.035806 
194 5.149174 
195 5.265222 
196 5.384011 
197 5.505607 
198 5.630076 
199 5.757486 
200 5.887906 
201 6.021408 
202 6.158065 
203 6.297950 
204 6.441141 
205 6.587715 
206 6.737752 
207 6.891335 
208 7.048546 
209 7.209472 
210 7.374201 
211 7.542821 
212 7.715426 
213 7.892110 
214 8.072968 
215 8.258099 
216 8.447605 
217 8.641588 
218 8.840155 
219 9.043414 
220 9.251475 
221 9.464453 
222 9.682463 
223 9.905624 
224 10.134058 
225 10.367889 
226 10.607246 
227 10.852258 
228 11.103059 
229 11.359786 
230 11.622580 
231 11.891582 
232 12.166941 
233 12.448806 
234 12.737331 
235 13.032674 
236 13.334995 
237 13.644459 
238 13.961235 
239 14.285496 
240 14.617419 
241 14.957185 
242 15.304979 
243 15.660990 
244 16.025414 
245 16.398448 
246 16.780297 
247 17.171167 
248 17.571274 
249 17.980834 
250 18.400072 
251 18.829215 
252 19.268498 
253 19.718161 
254 20.178449 
255 20.649612 
256 21.131908 
257 21.625601 
258 22.130958 
259 22.648256 
260 23.177776 
261 23.719809 
262 24.274649 
263 24.842598 
264 25.423968 
265 26.019074 
266 26.628241 
267 27.251803 
268 27.890097 
269 28.543474 
270 29.212289 
271 29.896907 
272 30.597701 
273 31.315053 
274 32.049356 
275 32.801009 
276 33.570422 
277 34.358015 
278 35.164218 
279 35.989469 
280 36.834221 
281 37.698932 
282 38.584074 
283 39.490132 
284 40.417597 
285 41.366978 
286 42.338790 
287 43.333565 
288 44.351845 
289 45.394185 
290 46.461153 
291 47.553332 
292 48.671318 
293 49.815720 
294 50.987162 
295 52.186283 
296 53.413737 
297 54.670194 
298 55.956339 
299 57.272874 
300 58.620516 
301 60.000000 
