149
1 0.000000 
2 0.075000 
3 0.100000 
4 0.125000 
5 0.150000 
6 0.175000 
7 0.200000 
8 0.225000 
9 0.250000 
10 0.275000 
11 0.300000 
12 0.325000 
13 0.350000 
14 0.375000 
15 0.400000 
16 0.425000 
17 0.450000 
18 0.475000 
19 0.500000 
20 0.525000 
21 0.550000 
22 0.575000 
23 0.600000 
24 0.625000 
25 0.650000 
26 0.675000 
27 0.700000 
28 0.725000 
29 0.750000 
30 0.775000 
31 0.800913 
32 0.827773 
33 0.855613 
34 0.884471 
35 0.914382 
36 0.945386 
37 0.977522 
38 1.010832 
39 1.045359 
40 1.081146 
41 1.118241 
42 1.156690 
43 1.196544 
44 1.237854 
45 1.280672 
46 1.325054 
47 1.371057 
48 1.418740 
49 1.468165 
50 1.519395 
51 1.572497 
52 1.627537 
53 1.684588 
54 1.743723 
55 1.805017 
56 1.868551 
57 1.934404 
58 2.002663 
59 2.073415 
60 2.146751 
61 2.222766 
62 2.301556 
63 2.383225 
64 2.467877 
65 2.555620 
66 2.646568 
67 2.740838 
68 2.838550 
69 2.939832 
70 3.044813 
71 3.153628 
72 3.266418 
73 3.383327 
74 3.504505 
75 3.630110 
76 3.760303 
77 3.895250 
78 4.035126 
79 4.180112 
80 4.330392 
81 4.486161 
82 4.647620 
83 4.814976 
84 4.988444 
85 5.168248 
86 5.354618 
87 5.547796 
88 5.748030 
89 5.955576 
90 6.170704 
91 6.393688 
92 6.624816 
93 6.864387 
94 7.112707 
95 7.370097 
96 7.636887 
97 7.913422 
98 8.200057 
99 8.497161 
100 8.805117 
101 9.124319 
102 9.455181 
103 9.798127 
104 10.153598 
105 10.522053 
106 10.903964 
107 11.299825 
108 11.710144 
109 12.135450 
110 12.576289 
111 13.033229 
112 13.506859 
113 13.997787 
114 14.506645 
115 15.034089 
116 15.580798 
117 16.147474 
118 16.734847 
119 17.343674 
120 17.974736 
121 18.628848 
122 19.306851 
123 20.009616 
124 20.738049 
125 21.493087 
126 22.275703 
127 23.086902 
128 23.927729 
129 24.799266 
130 25.702635 
131 26.638999 
132 27.609562 
133 28.615573 
134 29.658328 
135 30.739168 
136 31.859485 
137 33.020719 
138 34.224366 
139 35.471975 
140 36.765152 
141 38.105560 
142 39.494924 
143 40.935034 
144 42.427741 
145 43.974968 
146 45.578705 
147 47.241017 
148 48.964043 
149 50.750000 
