1025
1 -20.000000 
2 -19.727114 
3 -19.457942 
4 -19.192433 
5 -18.930537 
6 -18.672205 
7 -18.417388 
8 -18.166040 
9 -17.918112 
10 -17.673558 
11 -17.432332 
12 -17.194388 
13 -16.959683 
14 -16.728172 
15 -16.499811 
16 -16.274558 
17 -16.052371 
18 -15.833207 
19 -15.617026 
20 -15.403786 
21 -15.193449 
22 -14.985974 
23 -14.781322 
24 -14.579455 
25 -14.380336 
26 -14.183926 
27 -13.990190 
28 -13.799089 
29 -13.610590 
30 -13.424655 
31 -13.241251 
32 -13.060343 
33 -12.881896 
34 -12.705879 
35 -12.532256 
36 -12.360996 
37 -12.192067 
38 -12.025437 
39 -11.861074 
40 -11.698948 
41 -11.539029 
42 -11.381286 
43 -11.225689 
44 -11.072210 
45 -10.920820 
46 -10.771489 
47 -10.624191 
48 -10.478898 
49 -10.335581 
50 -10.194216 
51 -10.054773 
52 -9.917229 
53 -9.781556 
54 -9.647730 
55 -9.515725 
56 -9.385516 
57 -9.257079 
58 -9.130390 
59 -9.005425 
60 -8.882161 
61 -8.760574 
62 -8.640642 
63 -8.522342 
64 -8.405652 
65 -8.290550 
66 -8.177014 
67 -8.065024 
68 -7.954557 
69 -7.845594 
70 -7.738113 
71 -7.632095 
72 -7.527520 
73 -7.424368 
74 -7.322620 
75 -7.222257 
76 -7.123259 
77 -7.025609 
78 -6.929287 
79 -6.834276 
80 -6.740558 
81 -6.648116 
82 -6.556932 
83 -6.466988 
84 -6.378269 
85 -6.290757 
86 -6.204435 
87 -6.119289 
88 -6.035301 
89 -5.952456 
90 -5.870739 
91 -5.790134 
92 -5.710625 
93 -5.632199 
94 -5.554840 
95 -5.478534 
96 -5.403266 
97 -5.329022 
98 -5.255789 
99 -5.183552 
100 -5.112298 
101 -5.042015 
102 -4.972687 
103 -4.904303 
104 -4.836850 
105 -4.770314 
106 -4.704684 
107 -4.639947 
108 -4.576092 
109 -4.513105 
110 -4.450975 
111 -4.389691 
112 -4.329241 
113 -4.269613 
114 -4.210797 
115 -4.152781 
116 -4.095555 
117 -4.039108 
118 -3.983428 
119 -3.928507 
120 -3.874333 
121 -3.820896 
122 -3.768186 
123 -3.716194 
124 -3.664909 
125 -3.614322 
126 -3.564424 
127 -3.515204 
128 -3.466655 
129 -3.418766 
130 -3.371529 
131 -3.324934 
132 -3.278974 
133 -3.233639 
134 -3.188921 
135 -3.144812 
136 -3.101303 
137 -3.058386 
138 -3.016053 
139 -2.974296 
140 -2.933108 
141 -2.892480 
142 -2.852405 
143 -2.812875 
144 -2.773883 
145 -2.735422 
146 -2.697484 
147 -2.660062 
148 -2.623150 
149 -2.586740 
150 -2.550826 
151 -2.515400 
152 -2.480457 
153 -2.445989 
154 -2.411990 
155 -2.378453 
156 -2.345373 
157 -2.312744 
158 -2.280558 
159 -2.248810 
160 -2.217495 
161 -2.186605 
162 -2.156136 
163 -2.126081 
164 -2.096436 
165 -2.067194 
166 -2.038350 
167 -2.009898 
168 -1.981834 
169 -1.954151 
170 -1.926846 
171 -1.899912 
172 -1.873344 
173 -1.847138 
174 -1.821289 
175 -1.795791 
176 -1.770640 
177 -1.745832 
178 -1.721361 
179 -1.697223 
180 -1.673414 
181 -1.649929 
182 -1.626763 
183 -1.603913 
184 -1.581373 
185 -1.559141 
186 -1.537210 
187 -1.515579 
188 -1.494241 
189 -1.473194 
190 -1.452434 
191 -1.431956 
192 -1.411756 
193 -1.391832 
194 -1.372179 
195 -1.352793 
196 -1.333671 
197 -1.314809 
198 -1.296204 
199 -1.277852 
200 -1.259750 
201 -1.241894 
202 -1.224281 
203 -1.206908 
204 -1.189771 
205 -1.172868 
206 -1.156194 
207 -1.139748 
208 -1.123525 
209 -1.107523 
210 -1.091739 
211 -1.076169 
212 -1.060812 
213 -1.045663 
214 -1.030721 
215 -1.015982 
216 -1.001443 
217 -0.987102 
218 -0.972957 
219 -0.959004 
220 -0.945241 
221 -0.931665 
222 -0.918274 
223 -0.905065 
224 -0.892036 
225 -0.879184 
226 -0.866508 
227 -0.854003 
228 -0.841669 
229 -0.829503 
230 -0.817502 
231 -0.805665 
232 -0.793988 
233 -0.782471 
234 -0.771110 
235 -0.759904 
236 -0.748850 
237 -0.737947 
238 -0.727192 
239 -0.716584 
240 -0.706120 
241 -0.695798 
242 -0.685617 
243 -0.675574 
244 -0.665668 
245 -0.655897 
246 -0.646259 
247 -0.636752 
248 -0.627374 
249 -0.618124 
250 -0.609000 
251 -0.600000 
252 -0.591000 
253 -0.582000 
254 -0.573000 
255 -0.564000 
256 -0.555000 
257 -0.546000 
258 -0.537000 
259 -0.528000 
260 -0.519000 
261 -0.510000 
262 -0.501000 
263 -0.492000 
264 -0.483000 
265 -0.474000 
266 -0.465000 
267 -0.456000 
268 -0.447000 
269 -0.438000 
270 -0.429000 
271 -0.420000 
272 -0.411000 
273 -0.402000 
274 -0.393000 
275 -0.384000 
276 -0.375000 
277 -0.366000 
278 -0.357000 
279 -0.348000 
280 -0.339000 
281 -0.330000 
282 -0.321000 
283 -0.312000 
284 -0.303000 
285 -0.294000 
286 -0.285000 
287 -0.276000 
288 -0.267000 
289 -0.258000 
290 -0.249000 
291 -0.240000 
292 -0.231000 
293 -0.222000 
294 -0.213000 
295 -0.204000 
296 -0.195000 
297 -0.186000 
298 -0.177000 
299 -0.168000 
300 -0.159000 
301 -0.150000 
302 -0.141000 
303 -0.132000 
304 -0.123000 
305 -0.114000 
306 -0.105000 
307 -0.096000 
308 -0.087000 
309 -0.078000 
310 -0.069000 
311 -0.060000 
312 -0.051000 
313 -0.042000 
314 -0.033000 
315 -0.024000 
316 -0.015000 
317 -0.006000 
318 0.003000 
319 0.012000 
320 0.021000 
321 0.030000 
322 0.039000 
323 0.048000 
324 0.057000 
325 0.066000 
326 0.075000 
327 0.084000 
328 0.093000 
329 0.102000 
330 0.111000 
331 0.120000 
332 0.129000 
333 0.138000 
334 0.147000 
335 0.156000 
336 0.165000 
337 0.174000 
338 0.183000 
339 0.192000 
340 0.201000 
341 0.210000 
342 0.219000 
343 0.228000 
344 0.237000 
345 0.246000 
346 0.255000 
347 0.264000 
348 0.273000 
349 0.282000 
350 0.291000 
351 0.300000 
352 0.309000 
353 0.318000 
354 0.327000 
355 0.336000 
356 0.345000 
357 0.354000 
358 0.363000 
359 0.372000 
360 0.381000 
361 0.390000 
362 0.399000 
363 0.408000 
364 0.417000 
365 0.426000 
366 0.435000 
367 0.444000 
368 0.453000 
369 0.462000 
370 0.471000 
371 0.480000 
372 0.489000 
373 0.498000 
374 0.507000 
375 0.516000 
376 0.525000 
377 0.534000 
378 0.543000 
379 0.552000 
380 0.561000 
381 0.570000 
382 0.579000 
383 0.588000 
384 0.597000 
385 0.606000 
386 0.615000 
387 0.624000 
388 0.633000 
389 0.642000 
390 0.651000 
391 0.660000 
392 0.669000 
393 0.678000 
394 0.687000 
395 0.696000 
396 0.705000 
397 0.714000 
398 0.723000 
399 0.732000 
400 0.741000 
401 0.750000 
402 0.759000 
403 0.768030 
404 0.777092 
405 0.786183 
406 0.795306 
407 0.804459 
408 0.813644 
409 0.822859 
410 0.832106 
411 0.841384 
412 0.850693 
413 0.860034 
414 0.869407 
415 0.878811 
416 0.888247 
417 0.897715 
418 0.907215 
419 0.916748 
420 0.926312 
421 0.935909 
422 0.945539 
423 0.955201 
424 0.964896 
425 0.974623 
426 0.984384 
427 0.994177 
428 1.004004 
429 1.013864 
430 1.023758 
431 1.033685 
432 1.043645 
433 1.053639 
434 1.063668 
435 1.073730 
436 1.083826 
437 1.093956 
438 1.104121 
439 1.114320 
440 1.124553 
441 1.134822 
442 1.145125 
443 1.155462 
444 1.165835 
445 1.176243 
446 1.186686 
447 1.197165 
448 1.207679 
449 1.218229 
450 1.228814 
451 1.239435 
452 1.250093 
453 1.260786 
454 1.271515 
455 1.282281 
456 1.293084 
457 1.303922 
458 1.314798 
459 1.325710 
460 1.336660 
461 1.347646 
462 1.358670 
463 1.369731 
464 1.380829 
465 1.391965 
466 1.403139 
467 1.414350 
468 1.425600 
469 1.436887 
470 1.448213 
471 1.459577 
472 1.470980 
473 1.482421 
474 1.493901 
475 1.505420 
476 1.516977 
477 1.528574 
478 1.540211 
479 1.551886 
480 1.563601 
481 1.575356 
482 1.587151 
483 1.598985 
484 1.610860 
485 1.622775 
486 1.634730 
487 1.646726 
488 1.658762 
489 1.670839 
490 1.682957 
491 1.695116 
492 1.707316 
493 1.719557 
494 1.731840 
495 1.744165 
496 1.756531 
497 1.768939 
498 1.781389 
499 1.793881 
500 1.806416 
501 1.818993 
502 1.831612 
503 1.844274 
504 1.856980 
505 1.869728 
506 1.882519 
507 1.895354 
508 1.908232 
509 1.921154 
510 1.934119 
511 1.947128 
512 1.960182 
513 1.973279 
514 1.986421 
515 1.999608 
516 2.012839 
517 2.026115 
518 2.039436 
519 2.052802 
520 2.066213 
521 2.079670 
522 2.093172 
523 2.106720 
524 2.120313 
525 2.133953 
526 2.147639 
527 2.161372 
528 2.175150 
529 2.188976 
530 2.202848 
531 2.216767 
532 2.230734 
533 2.244748 
534 2.258809 
535 2.272917 
536 2.287074 
537 2.301278 
538 2.315531 
539 2.329832 
540 2.344181 
541 2.358579 
542 2.373025 
543 2.387521 
544 2.402065 
545 2.416659 
546 2.431303 
547 2.445995 
548 2.460738 
549 2.475530 
550 2.490373 
551 2.505266 
552 2.520209 
553 2.535203 
554 2.550247 
555 2.565343 
556 2.580490 
557 2.595688 
558 2.610937 
559 2.626238 
560 2.641591 
561 2.656996 
562 2.672453 
563 2.687962 
564 2.703524 
565 2.719138 
566 2.734806 
567 2.750526 
568 2.766300 
569 2.782127 
570 2.798008 
571 2.813942 
572 2.829931 
573 2.845973 
574 2.862070 
575 2.878221 
576 2.894427 
577 2.910688 
578 2.927004 
579 2.943375 
580 2.959802 
581 2.976284 
582 2.992822 
583 3.009417 
584 3.026067 
585 3.042774 
586 3.059537 
587 3.076357 
588 3.093234 
589 3.110168 
590 3.127159 
591 3.144208 
592 3.161315 
593 3.178479 
594 3.195702 
595 3.212983 
596 3.230323 
597 3.247721 
598 3.265178 
599 3.282694 
600 3.300270 
601 3.317905 
602 3.335600 
603 3.353354 
604 3.371169 
605 3.389044 
606 3.406980 
607 3.424976 
608 3.443034 
609 3.461152 
610 3.479332 
611 3.497573 
612 3.515877 
613 3.534242 
614 3.552669 
615 3.571159 
616 3.589711 
617 3.608326 
618 3.627004 
619 3.645746 
620 3.664551 
621 3.683419 
622 3.702351 
623 3.721348 
624 3.740409 
625 3.759534 
626 3.778724 
627 3.797979 
628 3.817300 
629 3.836685 
630 3.856137 
631 3.875654 
632 3.895237 
633 3.914887 
634 3.934603 
635 3.954386 
636 3.974236 
637 3.994153 
638 4.014138 
639 4.034190 
640 4.054310 
641 4.074498 
642 4.094755 
643 4.115080 
644 4.135474 
645 4.155937 
646 4.176469 
647 4.197071 
648 4.217743 
649 4.238484 
650 4.259296 
651 4.280178 
652 4.301131 
653 4.322155 
654 4.343250 
655 4.364417 
656 4.385655 
657 4.406965 
658 4.428348 
659 4.449802 
660 4.471330 
661 4.492930 
662 4.514603 
663 4.536350 
664 4.558171 
665 4.580065 
666 4.602033 
667 4.624076 
668 4.646193 
669 4.668386 
670 4.690653 
671 4.712996 
672 4.735415 
673 4.757909 
674 4.780480 
675 4.803127 
676 4.825850 
677 4.848651 
678 4.871529 
679 4.894484 
680 4.917517 
681 4.940628 
682 4.963817 
683 4.987085 
684 5.010432 
685 5.033857 
686 5.057362 
687 5.080947 
688 5.104611 
689 5.128355 
690 5.152180 
691 5.176086 
692 5.200072 
693 5.224140 
694 5.248289 
695 5.272520 
696 5.296833 
697 5.321229 
698 5.345707 
699 5.370268 
700 5.394912 
701 5.419639 
702 5.444450 
703 5.469345 
704 5.494325 
705 5.519389 
706 5.544538 
707 5.569772 
708 5.595091 
709 5.620497 
710 5.645988 
711 5.671565 
712 5.697230 
713 5.722981 
714 5.748819 
715 5.774745 
716 5.800758 
717 5.826860 
718 5.853050 
719 5.879328 
720 5.905696 
721 5.932153 
722 5.958699 
723 5.985336 
724 6.012062 
725 6.038880 
726 6.065787 
727 6.092786 
728 6.119877 
729 6.147059 
730 6.174333 
731 6.201700 
732 6.229159 
733 6.256711 
734 6.284356 
735 6.312095 
736 6.339928 
737 6.367856 
738 6.395877 
739 6.423994 
740 6.452206 
741 6.480513 
742 6.508917 
743 6.537416 
744 6.566012 
745 6.594705 
746 6.623494 
747 6.652382 
748 6.681367 
749 6.710450 
750 6.739632 
751 6.768913 
752 6.798292 
753 6.827772 
754 6.857351 
755 6.887030 
756 6.916810 
757 6.946690 
758 6.976672 
759 7.006755 
760 7.036940 
761 7.067227 
762 7.097617 
763 7.128110 
764 7.158706 
765 7.189405 
766 7.220209 
767 7.251117 
768 7.282129 
769 7.313246 
770 7.344469 
771 7.375798 
772 7.407232 
773 7.438774 
774 7.470421 
775 7.502176 
776 7.534039 
777 7.566009 
778 7.598088 
779 7.630275 
780 7.662572 
781 7.694977 
782 7.727492 
783 7.760118 
784 7.792854 
785 7.825701 
786 7.858659 
787 7.891728 
788 7.924910 
789 7.958204 
790 7.991610 
791 8.025130 
792 8.058763 
793 8.092510 
794 8.126372 
795 8.160348 
796 8.194439 
797 8.228645 
798 8.262967 
799 8.297406 
800 8.331961 
801 8.366633 
802 8.401423 
803 8.436330 
804 8.471356 
805 8.506500 
806 8.541763 
807 8.577145 
808 8.612648 
809 8.648270 
810 8.684013 
811 8.719878 
812 8.755863 
813 8.791971 
814 8.828200 
815 8.864553 
816 8.901028 
817 8.937627 
818 8.974350 
819 9.011197 
820 9.048169 
821 9.085266 
822 9.122489 
823 9.159838 
824 9.197313 
825 9.234916 
826 9.272645 
827 9.310502 
828 9.348488 
829 9.386602 
830 9.424845 
831 9.463217 
832 9.501720 
833 9.540353 
834 9.579117 
835 9.618011 
836 9.657038 
837 9.696197 
838 9.735488 
839 9.774913 
840 9.814471 
841 9.854162 
842 9.893989 
843 9.933950 
844 9.974046 
845 10.014278 
846 10.054647 
847 10.095152 
848 10.135794 
849 10.176574 
850 10.217492 
851 10.258548 
852 10.299744 
853 10.341079 
854 10.382553 
855 10.424169 
856 10.465925 
857 10.507823 
858 10.549862 
859 10.592044 
860 10.634369 
861 10.676837 
862 10.719448 
863 10.762204 
864 10.805105 
865 10.848151 
866 10.891343 
867 10.934681 
868 10.978166 
869 11.021798 
870 11.065578 
871 11.109506 
872 11.153583 
873 11.197809 
874 11.242185 
875 11.286711 
876 11.331387 
877 11.376215 
878 11.421195 
879 11.466327 
880 11.511612 
881 11.557051 
882 11.602643 
883 11.648389 
884 11.694291 
885 11.740347 
886 11.786560 
887 11.832929 
888 11.879456 
889 11.926139 
890 11.972981 
891 12.019982 
892 12.067141 
893 12.114461 
894 12.161940 
895 12.209580 
896 12.257382 
897 12.305345 
898 12.353471 
899 12.401760 
900 12.450212 
901 12.498828 
902 12.547609 
903 12.596556 
904 12.645667 
905 12.694945 
906 12.744390 
907 12.794003 
908 12.843783 
909 12.893732 
910 12.943850 
911 12.994138 
912 13.044596 
913 13.095225 
914 13.146025 
915 13.196998 
916 13.248142 
917 13.299461 
918 13.350952 
919 13.402619 
920 13.454460 
921 13.506476 
922 13.558669 
923 13.611039 
924 13.663586 
925 13.716310 
926 13.769214 
927 13.822296 
928 13.875558 
929 13.929001 
930 13.982624 
931 14.036429 
932 14.090416 
933 14.144586 
934 14.198940 
935 14.253477 
936 14.308199 
937 14.363106 
938 14.418200 
939 14.473480 
940 14.528947 
941 14.584601 
942 14.640445 
943 14.696477 
944 14.752699 
945 14.809112 
946 14.865715 
947 14.922510 
948 14.979497 
949 15.036678 
950 15.094052 
951 15.151620 
952 15.209383 
953 15.267342 
954 15.325497 
955 15.383849 
956 15.442398 
957 15.501146 
958 15.560093 
959 15.619239 
960 15.678585 
961 15.738133 
962 15.797882 
963 15.857833 
964 15.917988 
965 15.978346 
966 16.038908 
967 16.099676 
968 16.160649 
969 16.221828 
970 16.283215 
971 16.344810 
972 16.406613 
973 16.468626 
974 16.530848 
975 16.593281 
976 16.655926 
977 16.718783 
978 16.781852 
979 16.845135 
980 16.908632 
981 16.972345 
982 17.036273 
983 17.100417 
984 17.164779 
985 17.229359 
986 17.294157 
987 17.359175 
988 17.424412 
989 17.489871 
990 17.555551 
991 17.621454 
992 17.687580 
993 17.753930 
994 17.820504 
995 17.887304 
996 17.954330 
997 18.021583 
998 18.089064 
999 18.156773 
1000 18.224712 
1001 18.292880 
1002 18.361279 
1003 18.429910 
1004 18.498774 
1005 18.567870 
1006 18.637201 
1007 18.706766 
1008 18.776566 
1009 18.846603 
1010 18.916878 
1011 18.987390 
1012 19.058141 
1013 19.129131 
1014 19.200362 
1015 19.271834 
1016 19.343548 
1017 19.415505 
1018 19.487705 
1019 19.560150 
1020 19.632840 
1021 19.705777 
1022 19.778960 
1023 19.852391 
1024 19.926071 
1025 20.000000 
